1 2 3 4 13 40
2 1 3 5 14 41
3 1 2 6 15 42
4 1 5 6 7 34
5 2 4 6 8 35
6 3 4 5 9 36
7 4 8 9 10 28
8 5 7 9 11 29
9 6 7 8 12 30
10 7 11 12 13 22
11 8 10 12 14 23
12 9 10 11 15 24
13 1 10 14 15 16
14 2 11 13 15 17
15 3 12 13 14 18
16 13 17 18 19 43
17 14 16 18 20 44
18 15 16 17 21 45
19 16 20 21 22 49
20 17 19 21 23 50
21 18 19 20 24 51
22 10 19 23 24 25
23 11 20 22 24 26
24 12 21 22 23 27
25 22 26 27 28 52
26 23 25 27 29 53
27 24 25 26 30 54
28 7 25 29 30 31
29 8 26 28 30 32
30 9 27 28 29 33
31 28 32 33 34 55
32 29 31 33 35 56
33 30 31 32 36 57
34 4 31 35 36 37
35 5 32 34 36 38
36 6 33 34 35 39
37 34 38 39 40 58
38 35 37 39 41 59
39 36 37 38 42 60
40 1 37 41 42 43
41 2 38 40 42 44
42 3 39 40 41 45
43 16 40 44 45 46
44 17 41 43 45 47
45 18 42 43 44 48
46 43 47 48 49 58
47 44 46 48 50 59
48 45 46 47 51 60
49 19 46 50 51 52
50 20 47 49 51 53
51 21 48 49 50 54
52 25 49 53 54 55
53 26 50 52 54 56
54 27 51 52 53 57
55 31 52 56 57 58
56 32 53 55 57 59
57 33 54 55 56 60
58 37 46 55 59 60
59 38 47 56 58 60
60 39 48 57 58 59
