1. Independent Set (15): 1 3 5 7 9 11 13 15 17 19 21 23 25 27 29 
2. Independent Set (15): 2 4 6 8 10 12 14 16 18 20 22 24 26 28 30 
3. Independent Set (15): 1 3 5 7 9 11 13 15 17 19 21 23 25 27 29 
4. Independent Set (15): 2 4 6 8 10 12 14 16 18 20 22 24 26 28 30 
5. Independent Set (15): 1 3 5 7 9 11 13 15 17 19 21 23 25 27 29 
6. Independent Set (15): 2 4 6 8 10 12 14 16 18 20 22 24 26 28 30 
7. Independent Set (15): 1 3 5 7 9 11 13 15 17 19 21 23 25 27 29 
8. Independent Set (15): 2 4 6 8 10 12 14 16 18 20 22 24 26 28 30 
9. Independent Set (15): 1 3 5 7 9 11 13 15 17 19 21 23 25 27 29 
10. Independent Set (15): 2 4 6 8 10 12 14 16 18 20 22 24 26 28 30 
11. Independent Set (15): 1 3 5 7 9 11 13 15 17 19 21 23 25 27 29 
12. Independent Set (15): 2 4 6 8 10 12 14 16 18 20 22 24 26 28 30 
13. Independent Set (15): 1 3 5 7 9 11 13 15 17 19 21 23 25 27 29 
14. Independent Set (15): 2 4 6 8 10 12 14 16 18 20 22 24 26 28 30 
15. Independent Set (15): 1 3 5 7 9 11 13 15 17 19 21 23 25 27 29 
16. Independent Set (15): 2 4 6 8 10 12 14 16 18 20 22 24 26 28 30 
17. Independent Set (15): 1 3 5 7 9 11 13 15 17 19 21 23 25 27 29 
18. Independent Set (15): 2 4 6 8 10 12 14 16 18 20 22 24 26 28 30 
19. Independent Set (15): 1 3 5 7 9 11 13 15 17 19 21 23 25 27 29 
20. Independent Set (15): 2 4 6 8 10 12 14 16 18 20 22 24 26 28 30 
21. Independent Set (15): 1 3 5 7 9 11 13 15 17 19 21 23 25 27 29 
22. Independent Set (15): 2 4 6 8 10 12 14 16 18 20 22 24 26 28 30 
23. Independent Set (15): 1 3 5 7 9 11 13 15 17 19 21 23 25 27 29 
24. Independent Set (15): 2 4 6 8 10 12 14 16 18 20 22 24 26 28 30 
25. Independent Set (15): 1 3 5 7 9 11 13 15 17 19 21 23 25 27 29 
26. Independent Set (15): 2 4 6 8 10 12 14 16 18 20 22 24 26 28 30 
27. Independent Set (15): 1 3 5 7 9 11 13 15 17 19 21 23 25 27 29 
28. Independent Set (15): 2 4 6 8 10 12 14 16 18 20 22 24 26 28 30 
29. Independent Set (15): 1 3 5 7 9 11 13 15 17 19 21 23 25 27 29 
30. Independent Set (15): 2 4 6 8 10 12 14 16 18 20 22 24 26 28 30 
31. Independent Set (15): 1 3 5 7 9 11 13 15 17 19 21 23 25 27 29 
32. Independent Set (15): 1 3 5 7 9 11 13 15 17 19 21 23 25 27 29 
33. Independent Set (15): 1 3 5 7 9 11 13 15 17 19 21 23 25 27 29 
34. Independent Set (15): 1 3 5 7 9 11 13 15 17 19 21 23 25 27 29 
35. Independent Set (15): 1 3 5 7 9 11 13 15 17 19 21 23 25 27 29 
36. Independent Set (15): 1 3 5 7 9 11 13 15 17 19 21 23 25 27 29 
37. Independent Set (15): 1 3 5 7 9 11 13 15 17 19 21 23 25 27 29 
38. Independent Set (15): 1 3 5 7 9 11 13 15 17 19 21 23 25 27 29 
39. Independent Set (15): 1 3 5 7 9 11 13 15 17 19 21 23 25 27 29 
40. Independent Set (15): 1 3 5 7 9 11 13 15 17 19 21 23 25 27 29 
41. Independent Set (15): 1 3 5 7 9 11 13 15 17 19 21 23 25 27 29 
42. Independent Set (15): 1 3 5 7 9 11 13 15 17 19 21 23 25 27 29 
43. Independent Set (15): 1 3 5 7 9 11 13 15 17 19 21 23 25 27 29 
44. Independent Set (15): 1 3 5 7 9 11 13 15 17 19 21 23 25 27 29 
45. Independent Set (15): 1 3 5 7 9 11 13 15 17 19 21 23 25 27 29 
46. Independent Set (15): 1 3 5 7 9 11 13 15 17 19 21 23 25 27 29 
47. Independent Set (15): 1 3 5 7 9 11 13 15 17 19 21 23 25 27 29 
48. Independent Set (15): 1 3 5 7 9 11 13 15 17 19 21 23 25 27 29 
49. Independent Set (15): 1 3 5 7 9 11 13 15 17 19 21 23 25 27 29 
50. Independent Set (15): 1 3 5 7 9 11 13 15 17 19 21 23 25 27 29 
51. Independent Set (15): 1 3 5 7 9 11 13 15 17 19 21 23 25 27 29 
52. Independent Set (15): 1 3 5 7 9 11 13 15 17 19 21 23 25 27 29 
53. Independent Set (15): 1 3 5 7 9 11 13 15 17 19 21 23 25 27 29 
54. Independent Set (15): 1 3 5 7 9 11 13 15 17 19 21 23 25 27 29 
55. Independent Set (15): 1 3 5 7 9 11 13 15 17 19 21 23 25 27 29 
56. Independent Set (15): 1 3 5 7 9 11 13 15 17 19 21 23 25 27 29 
57. Independent Set (15): 1 3 5 7 9 11 13 15 17 19 21 23 25 27 29 
58. Independent Set (15): 1 3 5 7 9 11 13 15 17 19 21 23 25 27 29 
59. Independent Set (15): 1 3 5 7 9 11 13 15 17 19 21 23 25 27 29 
60. Independent Set (15): 1 3 5 7 9 11 13 15 17 19 21 23 25 27 29 
61. Independent Set (15): 2 4 6 8 10 12 14 16 18 20 22 24 26 28 30 
62. Independent Set (15): 1 3 5 7 9 11 13 15 17 19 21 23 25 27 29 
63. Independent Set (15): 2 4 6 8 10 12 14 16 18 20 22 24 26 28 30 
64. Independent Set (15): 1 3 5 7 9 11 13 15 17 19 21 23 25 27 29 
65. Independent Set (15): 2 4 6 8 10 12 14 16 18 20 22 24 26 28 30 
66. Independent Set (15): 1 3 5 7 9 11 13 15 17 19 21 23 25 27 29 
67. Independent Set (15): 2 4 6 8 10 12 14 16 18 20 22 24 26 28 30 
68. Independent Set (15): 1 3 5 7 9 11 13 15 17 19 21 23 25 27 29 
69. Independent Set (15): 2 4 6 8 10 12 14 16 18 20 22 24 26 28 30 
70. Independent Set (15): 1 3 5 7 9 11 13 15 17 19 21 23 25 27 29 
71. Independent Set (15): 2 4 6 8 10 12 14 16 18 20 22 24 26 28 30 
72. Independent Set (15): 1 3 5 7 9 11 13 15 17 19 21 23 25 27 29 
73. Independent Set (15): 2 4 6 8 10 12 14 16 18 20 22 24 26 28 30 
74. Independent Set (15): 1 3 5 7 9 11 13 15 17 19 21 23 25 27 29 
75. Independent Set (15): 2 4 6 8 10 12 14 16 18 20 22 24 26 28 30 
76. Independent Set (15): 1 3 5 7 9 11 13 15 17 19 21 23 25 27 29 
77. Independent Set (15): 2 4 6 8 10 12 14 16 18 20 22 24 26 28 30 
78. Independent Set (15): 1 3 5 7 9 11 13 15 17 19 21 23 25 27 29 
79. Independent Set (15): 2 4 6 8 10 12 14 16 18 20 22 24 26 28 30 
80. Independent Set (15): 1 3 5 7 9 11 13 15 17 19 21 23 25 27 29 
81. Independent Set (15): 2 4 6 8 10 12 14 16 18 20 22 24 26 28 30 
82. Independent Set (15): 1 3 5 7 9 11 13 15 17 19 21 23 25 27 29 
83. Independent Set (15): 2 4 6 8 10 12 14 16 18 20 22 24 26 28 30 
84. Independent Set (15): 1 3 5 7 9 11 13 15 17 19 21 23 25 27 29 
85. Independent Set (15): 2 4 6 8 10 12 14 16 18 20 22 24 26 28 30 
86. Independent Set (15): 1 3 5 7 9 11 13 15 17 19 21 23 25 27 29 
87. Independent Set (15): 2 4 6 8 10 12 14 16 18 20 22 24 26 28 30 
88. Independent Set (15): 1 3 5 7 9 11 13 15 17 19 21 23 25 27 29 
89. Independent Set (15): 1 3 5 7 9 11 13 15 17 19 21 23 25 27 29 
90. Independent Set (15): 1 3 5 7 9 11 13 15 17 19 21 23 25 27 29 
91. Independent Set (15): 1 3 5 7 9 11 13 15 17 19 21 23 25 27 29 
92. Independent Set (15): 1 3 5 7 9 11 13 15 17 19 21 23 25 27 29 
93. Independent Set (15): 1 3 5 7 9 11 13 15 17 19 21 23 25 27 29 
94. Independent Set (15): 1 3 5 7 9 11 13 15 17 19 21 23 25 27 29 
95. Independent Set (15): 1 3 5 7 9 11 13 15 17 19 21 23 25 27 29 
96. Independent Set (15): 1 3 5 7 9 11 13 15 17 19 21 23 25 27 29 
97. Independent Set (15): 1 3 5 7 9 11 13 15 17 19 21 23 25 27 29 
98. Independent Set (15): 1 3 5 7 9 11 13 15 17 19 21 23 25 27 29 
99. Independent Set (15): 1 3 5 7 9 11 13 15 17 19 21 23 25 27 29 
100. Independent Set (15): 1 3 5 7 9 11 13 15 17 19 21 23 25 27 29 
101. Independent Set (15): 1 3 5 7 9 11 13 15 17 19 21 23 25 27 29 
102. Independent Set (15): 1 3 5 7 9 11 13 15 17 19 21 23 25 27 29 
103. Independent Set (15): 1 3 5 7 9 11 13 15 17 19 21 23 25 27 29 
104. Independent Set (15): 1 3 5 7 9 11 13 15 17 19 21 23 25 27 29 
105. Independent Set (15): 1 3 5 7 9 11 13 15 17 19 21 23 25 27 29 
106. Independent Set (15): 1 3 5 7 9 11 13 15 17 19 21 23 25 27 29 
107. Independent Set (15): 1 3 5 7 9 11 13 15 17 19 21 23 25 27 29 
108. Independent Set (15): 1 3 5 7 9 11 13 15 17 19 21 23 25 27 29 
109. Independent Set (15): 1 3 5 7 9 11 13 15 17 19 21 23 25 27 29 
110. Independent Set (15): 1 3 5 7 9 11 13 15 17 19 21 23 25 27 29 
111. Independent Set (15): 1 3 5 7 9 11 13 15 17 19 21 23 25 27 29 
112. Independent Set (15): 1 3 5 7 9 11 13 15 17 19 21 23 25 27 29 
113. Independent Set (15): 1 3 5 7 9 11 13 15 17 19 21 23 25 27 29 
114. Independent Set (15): 1 3 5 7 9 11 13 15 17 19 21 23 25 27 29 
115. Independent Set (15): 1 3 5 7 9 11 13 15 17 19 21 23 25 27 29 
116. Independent Set (15): 2 4 6 8 10 12 14 16 18 20 22 24 26 28 30 
117. Independent Set (15): 1 3 5 7 9 11 13 15 17 19 21 23 25 27 29 
118. Independent Set (15): 2 4 6 8 10 12 14 16 18 20 22 24 26 28 30 
119. Independent Set (15): 1 3 5 7 9 11 13 15 17 19 21 23 25 27 29 
120. Independent Set (15): 2 4 6 8 10 12 14 16 18 20 22 24 26 28 30 
121. Independent Set (15): 1 3 5 7 9 11 13 15 17 19 21 23 25 27 29 
122. Independent Set (15): 2 4 6 8 10 12 14 16 18 20 22 24 26 28 30 
123. Independent Set (15): 1 3 5 7 9 11 13 15 17 19 21 23 25 27 29 
124. Independent Set (15): 2 4 6 8 10 12 14 16 18 20 22 24 26 28 30 
125. Independent Set (15): 1 3 5 7 9 11 13 15 17 19 21 23 25 27 29 
126. Independent Set (15): 2 4 6 8 10 12 14 16 18 20 22 24 26 28 30 
127. Independent Set (15): 1 3 5 7 9 11 13 15 17 19 21 23 25 27 29 
128. Independent Set (15): 2 4 6 8 10 12 14 16 18 20 22 24 26 28 30 
129. Independent Set (15): 1 3 5 7 9 11 13 15 17 19 21 23 25 27 29 
130. Independent Set (15): 2 4 6 8 10 12 14 16 18 20 22 24 26 28 30 
131. Independent Set (15): 1 3 5 7 9 11 13 15 17 19 21 23 25 27 29 
132. Independent Set (15): 2 4 6 8 10 12 14 16 18 20 22 24 26 28 30 
133. Independent Set (15): 1 3 5 7 9 11 13 15 17 19 21 23 25 27 29 
134. Independent Set (15): 2 4 6 8 10 12 14 16 18 20 22 24 26 28 30 
135. Independent Set (15): 1 3 5 7 9 11 13 15 17 19 21 23 25 27 29 
136. Independent Set (15): 2 4 6 8 10 12 14 16 18 20 22 24 26 28 30 
137. Independent Set (15): 1 3 5 7 9 11 13 15 17 19 21 23 25 27 29 
138. Independent Set (15): 2 4 6 8 10 12 14 16 18 20 22 24 26 28 30 
139. Independent Set (15): 1 3 5 7 9 11 13 15 17 19 21 23 25 27 29 
140. Independent Set (15): 2 4 6 8 10 12 14 16 18 20 22 24 26 28 30 
141. Independent Set (15): 1 3 5 7 9 11 13 15 17 19 21 23 25 27 29 
142. Independent Set (15): 1 3 5 7 9 11 13 15 17 19 21 23 25 27 29 
143. Independent Set (15): 1 3 5 7 9 11 13 15 17 19 21 23 25 27 29 
144. Independent Set (15): 1 3 5 7 9 11 13 15 17 19 21 23 25 27 29 
145. Independent Set (15): 1 3 5 7 9 11 13 15 17 19 21 23 25 27 29 
146. Independent Set (15): 1 3 5 7 9 11 13 15 17 19 21 23 25 27 29 
147. Independent Set (15): 1 3 5 7 9 11 13 15 17 19 21 23 25 27 29 
148. Independent Set (15): 1 3 5 7 9 11 13 15 17 19 21 23 25 27 29 
149. Independent Set (15): 1 3 5 7 9 11 13 15 17 19 21 23 25 27 29 
150. Independent Set (15): 1 3 5 7 9 11 13 15 17 19 21 23 25 27 29 
151. Independent Set (15): 1 3 5 7 9 11 13 15 17 19 21 23 25 27 29 
152. Independent Set (15): 1 3 5 7 9 11 13 15 17 19 21 23 25 27 29 
153. Independent Set (15): 1 3 5 7 9 11 13 15 17 19 21 23 25 27 29 
154. Independent Set (15): 1 3 5 7 9 11 13 15 17 19 21 23 25 27 29 
155. Independent Set (15): 1 3 5 7 9 11 13 15 17 19 21 23 25 27 29 
156. Independent Set (15): 1 3 5 7 9 11 13 15 17 19 21 23 25 27 29 
157. Independent Set (15): 1 3 5 7 9 11 13 15 17 19 21 23 25 27 29 
158. Independent Set (15): 1 3 5 7 9 11 13 15 17 19 21 23 25 27 29 
159. Independent Set (15): 1 3 5 7 9 11 13 15 17 19 21 23 25 27 29 
160. Independent Set (15): 1 3 5 7 9 11 13 15 17 19 21 23 25 27 29 
161. Independent Set (15): 1 3 5 7 9 11 13 15 17 19 21 23 25 27 29 
162. Independent Set (15): 1 3 5 7 9 11 13 15 17 19 21 23 25 27 29 
163. Independent Set (15): 1 3 5 7 9 11 13 15 17 19 21 23 25 27 29 
164. Independent Set (15): 1 3 5 7 9 11 13 15 17 19 21 23 25 27 29 
165. Independent Set (15): 1 3 5 7 9 11 13 15 17 19 21 23 25 27 29 
166. Independent Set (15): 1 3 5 7 9 11 13 15 17 19 21 23 25 27 29 
167. Independent Set (15): 2 4 6 8 10 12 14 16 18 20 22 24 26 28 30 
168. Independent Set (15): 1 3 5 7 9 11 13 15 17 19 21 23 25 27 29 
169. Independent Set (15): 2 4 6 8 10 12 14 16 18 20 22 24 26 28 30 
170. Independent Set (15): 1 3 5 7 9 11 13 15 17 19 21 23 25 27 29 
171. Independent Set (15): 2 4 6 8 10 12 14 16 18 20 22 24 26 28 30 
172. Independent Set (15): 1 3 5 7 9 11 13 15 17 19 21 23 25 27 29 
173. Independent Set (15): 2 4 6 8 10 12 14 16 18 20 22 24 26 28 30 
174. Independent Set (15): 1 3 5 7 9 11 13 15 17 19 21 23 25 27 29 
175. Independent Set (15): 2 4 6 8 10 12 14 16 18 20 22 24 26 28 30 
176. Independent Set (15): 1 3 5 7 9 11 13 15 17 19 21 23 25 27 29 
177. Independent Set (15): 2 4 6 8 10 12 14 16 18 20 22 24 26 28 30 
178. Independent Set (15): 1 3 5 7 9 11 13 15 17 19 21 23 25 27 29 
179. Independent Set (15): 2 4 6 8 10 12 14 16 18 20 22 24 26 28 30 
180. Independent Set (15): 1 3 5 7 9 11 13 15 17 19 21 23 25 27 29 
181. Independent Set (15): 2 4 6 8 10 12 14 16 18 20 22 24 26 28 30 
182. Independent Set (15): 1 3 5 7 9 11 13 15 17 19 21 23 25 27 29 
183. Independent Set (15): 2 4 6 8 10 12 14 16 18 20 22 24 26 28 30 
184. Independent Set (15): 1 3 5 7 9 11 13 15 17 19 21 23 25 27 29 
185. Independent Set (15): 2 4 6 8 10 12 14 16 18 20 22 24 26 28 30 
186. Independent Set (15): 1 3 5 7 9 11 13 15 17 19 21 23 25 27 29 
187. Independent Set (15): 2 4 6 8 10 12 14 16 18 20 22 24 26 28 30 
188. Independent Set (15): 1 3 5 7 9 11 13 15 17 19 21 23 25 27 29 
189. Independent Set (15): 2 4 6 8 10 12 14 16 18 20 22 24 26 28 30 
190. Independent Set (15): 1 3 5 7 9 11 13 15 17 19 21 23 25 27 29 
191. Independent Set (15): 1 3 5 7 9 11 13 15 17 19 21 23 25 27 29 
192. Independent Set (15): 1 3 5 7 9 11 13 15 17 19 21 23 25 27 29 
193. Independent Set (15): 1 3 5 7 9 11 13 15 17 19 21 23 25 27 29 
194. Independent Set (15): 1 3 5 7 9 11 13 15 17 19 21 23 25 27 29 
195. Independent Set (15): 1 3 5 7 9 11 13 15 17 19 21 23 25 27 29 
196. Independent Set (15): 1 3 5 7 9 11 13 15 17 19 21 23 25 27 29 
197. Independent Set (15): 1 3 5 7 9 11 13 15 17 19 21 23 25 27 29 
198. Independent Set (15): 1 3 5 7 9 11 13 15 17 19 21 23 25 27 29 
199. Independent Set (15): 1 3 5 7 9 11 13 15 17 19 21 23 25 27 29 
200. Independent Set (15): 1 3 5 7 9 11 13 15 17 19 21 23 25 27 29 
201. Independent Set (15): 1 3 5 7 9 11 13 15 17 19 21 23 25 27 29 
202. Independent Set (15): 1 3 5 7 9 11 13 15 17 19 21 23 25 27 29 
203. Independent Set (15): 1 3 5 7 9 11 13 15 17 19 21 23 25 27 29 
204. Independent Set (15): 1 3 5 7 9 11 13 15 17 19 21 23 25 27 29 
205. Independent Set (15): 1 3 5 7 9 11 13 15 17 19 21 23 25 27 29 
206. Independent Set (15): 1 3 5 7 9 11 13 15 17 19 21 23 25 27 29 
207. Independent Set (15): 1 3 5 7 9 11 13 15 17 19 21 23 25 27 29 
208. Independent Set (15): 1 3 5 7 9 11 13 15 17 19 21 23 25 27 29 
209. Independent Set (15): 1 3 5 7 9 11 13 15 17 19 21 23 25 27 29 
210. Independent Set (15): 1 3 5 7 9 11 13 15 17 19 21 23 25 27 29 
211. Independent Set (15): 1 3 5 7 9 11 13 15 17 19 21 23 25 27 29 
212. Independent Set (15): 1 3 5 7 9 11 13 15 17 19 21 23 25 27 29 
213. Independent Set (15): 1 3 5 7 9 11 13 15 17 19 21 23 25 27 29 
214. Independent Set (15): 2 4 6 8 10 12 14 16 18 20 22 24 26 28 30 
215. Independent Set (15): 1 3 5 7 9 11 13 15 17 19 21 23 25 27 29 
216. Independent Set (15): 2 4 6 8 10 12 14 16 18 20 22 24 26 28 30 
217. Independent Set (15): 1 3 5 7 9 11 13 15 17 19 21 23 25 27 29 
218. Independent Set (15): 2 4 6 8 10 12 14 16 18 20 22 24 26 28 30 
219. Independent Set (15): 1 3 5 7 9 11 13 15 17 19 21 23 25 27 29 
220. Independent Set (15): 2 4 6 8 10 12 14 16 18 20 22 24 26 28 30 
221. Independent Set (15): 1 3 5 7 9 11 13 15 17 19 21 23 25 27 29 
222. Independent Set (15): 2 4 6 8 10 12 14 16 18 20 22 24 26 28 30 
223. Independent Set (15): 1 3 5 7 9 11 13 15 17 19 21 23 25 27 29 
224. Independent Set (15): 2 4 6 8 10 12 14 16 18 20 22 24 26 28 30 
225. Independent Set (15): 1 3 5 7 9 11 13 15 17 19 21 23 25 27 29 
226. Independent Set (15): 2 4 6 8 10 12 14 16 18 20 22 24 26 28 30 
227. Independent Set (15): 1 3 5 7 9 11 13 15 17 19 21 23 25 27 29 
228. Independent Set (15): 2 4 6 8 10 12 14 16 18 20 22 24 26 28 30 
229. Independent Set (15): 1 3 5 7 9 11 13 15 17 19 21 23 25 27 29 
230. Independent Set (15): 2 4 6 8 10 12 14 16 18 20 22 24 26 28 30 
231. Independent Set (15): 1 3 5 7 9 11 13 15 17 19 21 23 25 27 29 
232. Independent Set (15): 2 4 6 8 10 12 14 16 18 20 22 24 26 28 30 
233. Independent Set (15): 1 3 5 7 9 11 13 15 17 19 21 23 25 27 29 
234. Independent Set (15): 2 4 6 8 10 12 14 16 18 20 22 24 26 28 30 
235. Independent Set (15): 1 3 5 7 9 11 13 15 17 19 21 23 25 27 29 
236. Independent Set (15): 1 3 5 7 9 11 13 15 17 19 21 23 25 27 29 
237. Independent Set (15): 1 3 5 7 9 11 13 15 17 19 21 23 25 27 29 
238. Independent Set (15): 1 3 5 7 9 11 13 15 17 19 21 23 25 27 29 
239. Independent Set (15): 1 3 5 7 9 11 13 15 17 19 21 23 25 27 29 
240. Independent Set (15): 1 3 5 7 9 11 13 15 17 19 21 23 25 27 29 
241. Independent Set (15): 1 3 5 7 9 11 13 15 17 19 21 23 25 27 29 
242. Independent Set (15): 1 3 5 7 9 11 13 15 17 19 21 23 25 27 29 
243. Independent Set (15): 1 3 5 7 9 11 13 15 17 19 21 23 25 27 29 
244. Independent Set (15): 1 3 5 7 9 11 13 15 17 19 21 23 25 27 29 
245. Independent Set (15): 1 3 5 7 9 11 13 15 17 19 21 23 25 27 29 
246. Independent Set (15): 1 3 5 7 9 11 13 15 17 19 21 23 25 27 29 
247. Independent Set (15): 1 3 5 7 9 11 13 15 17 19 21 23 25 27 29 
248. Independent Set (15): 1 3 5 7 9 11 13 15 17 19 21 23 25 27 29 
249. Independent Set (15): 1 3 5 7 9 11 13 15 17 19 21 23 25 27 29 
250. Independent Set (15): 1 3 5 7 9 11 13 15 17 19 21 23 25 27 29 
251. Independent Set (15): 1 3 5 7 9 11 13 15 17 19 21 23 25 27 29 
252. Independent Set (15): 1 3 5 7 9 11 13 15 17 19 21 23 25 27 29 
253. Independent Set (15): 1 3 5 7 9 11 13 15 17 19 21 23 25 27 29 
254. Independent Set (15): 1 3 5 7 9 11 13 15 17 19 21 23 25 27 29 
255. Independent Set (15): 1 3 5 7 9 11 13 15 17 19 21 23 25 27 29 
256. Independent Set (15): 1 3 5 7 9 11 13 15 17 19 21 23 25 27 29 
257. Independent Set (15): 2 4 6 8 10 12 14 16 18 20 22 24 26 28 30 
258. Independent Set (15): 1 3 5 7 9 11 13 15 17 19 21 23 25 27 29 
259. Independent Set (15): 2 4 6 8 10 12 14 16 18 20 22 24 26 28 30 
260. Independent Set (15): 1 3 5 7 9 11 13 15 17 19 21 23 25 27 29 
261. Independent Set (15): 2 4 6 8 10 12 14 16 18 20 22 24 26 28 30 
262. Independent Set (15): 1 3 5 7 9 11 13 15 17 19 21 23 25 27 29 
263. Independent Set (15): 2 4 6 8 10 12 14 16 18 20 22 24 26 28 30 
264. Independent Set (15): 1 3 5 7 9 11 13 15 17 19 21 23 25 27 29 
265. Independent Set (15): 2 4 6 8 10 12 14 16 18 20 22 24 26 28 30 
266. Independent Set (15): 1 3 5 7 9 11 13 15 17 19 21 23 25 27 29 
267. Independent Set (15): 2 4 6 8 10 12 14 16 18 20 22 24 26 28 30 
268. Independent Set (15): 1 3 5 7 9 11 13 15 17 19 21 23 25 27 29 
269. Independent Set (15): 2 4 6 8 10 12 14 16 18 20 22 24 26 28 30 
270. Independent Set (15): 1 3 5 7 9 11 13 15 17 19 21 23 25 27 29 
271. Independent Set (15): 2 4 6 8 10 12 14 16 18 20 22 24 26 28 30 
272. Independent Set (15): 1 3 5 7 9 11 13 15 17 19 21 23 25 27 29 
273. Independent Set (15): 2 4 6 8 10 12 14 16 18 20 22 24 26 28 30 
274. Independent Set (15): 1 3 5 7 9 11 13 15 17 19 21 23 25 27 29 
275. Independent Set (15): 2 4 6 8 10 12 14 16 18 20 22 24 26 28 30 
276. Independent Set (15): 1 3 5 7 9 11 13 15 17 19 21 23 25 27 29 
277. Independent Set (15): 1 3 5 7 9 11 13 15 17 19 21 23 25 27 29 
278. Independent Set (15): 1 3 5 7 9 11 13 15 17 19 21 23 25 27 29 
279. Independent Set (15): 1 3 5 7 9 11 13 15 17 19 21 23 25 27 29 
280. Independent Set (15): 1 3 5 7 9 11 13 15 17 19 21 23 25 27 29 
281. Independent Set (15): 1 3 5 7 9 11 13 15 17 19 21 23 25 27 29 
282. Independent Set (15): 1 3 5 7 9 11 13 15 17 19 21 23 25 27 29 
283. Independent Set (15): 1 3 5 7 9 11 13 15 17 19 21 23 25 27 29 
284. Independent Set (15): 1 3 5 7 9 11 13 15 17 19 21 23 25 27 29 
285. Independent Set (15): 1 3 5 7 9 11 13 15 17 19 21 23 25 27 29 
286. Independent Set (15): 1 3 5 7 9 11 13 15 17 19 21 23 25 27 29 
287. Independent Set (15): 1 3 5 7 9 11 13 15 17 19 21 23 25 27 29 
288. Independent Set (15): 1 3 5 7 9 11 13 15 17 19 21 23 25 27 29 
289. Independent Set (15): 1 3 5 7 9 11 13 15 17 19 21 23 25 27 29 
290. Independent Set (15): 1 3 5 7 9 11 13 15 17 19 21 23 25 27 29 
291. Independent Set (15): 1 3 5 7 9 11 13 15 17 19 21 23 25 27 29 
292. Independent Set (15): 1 3 5 7 9 11 13 15 17 19 21 23 25 27 29 
293. Independent Set (15): 1 3 5 7 9 11 13 15 17 19 21 23 25 27 29 
294. Independent Set (15): 1 3 5 7 9 11 13 15 17 19 21 23 25 27 29 
295. Independent Set (15): 1 3 5 7 9 11 13 15 17 19 21 23 25 27 29 
296. Independent Set (15): 2 4 6 8 10 12 14 16 18 20 22 24 26 28 30 
297. Independent Set (15): 1 3 5 7 9 11 13 15 17 19 21 23 25 27 29 
298. Independent Set (15): 2 4 6 8 10 12 14 16 18 20 22 24 26 28 30 
299. Independent Set (15): 1 3 5 7 9 11 13 15 17 19 21 23 25 27 29 
300. Independent Set (15): 2 4 6 8 10 12 14 16 18 20 22 24 26 28 30 
301. Independent Set (15): 1 3 5 7 9 11 13 15 17 19 21 23 25 27 29 
302. Independent Set (15): 2 4 6 8 10 12 14 16 18 20 22 24 26 28 30 
303. Independent Set (15): 1 3 5 7 9 11 13 15 17 19 21 23 25 27 29 
304. Independent Set (15): 2 4 6 8 10 12 14 16 18 20 22 24 26 28 30 
305. Independent Set (15): 1 3 5 7 9 11 13 15 17 19 21 23 25 27 29 
306. Independent Set (15): 2 4 6 8 10 12 14 16 18 20 22 24 26 28 30 
307. Independent Set (15): 1 3 5 7 9 11 13 15 17 19 21 23 25 27 29 
308. Independent Set (15): 2 4 6 8 10 12 14 16 18 20 22 24 26 28 30 
309. Independent Set (15): 1 3 5 7 9 11 13 15 17 19 21 23 25 27 29 
310. Independent Set (15): 2 4 6 8 10 12 14 16 18 20 22 24 26 28 30 
311. Independent Set (15): 1 3 5 7 9 11 13 15 17 19 21 23 25 27 29 
312. Independent Set (15): 2 4 6 8 10 12 14 16 18 20 22 24 26 28 30 
313. Independent Set (15): 1 3 5 7 9 11 13 15 17 19 21 23 25 27 29 
314. Independent Set (15): 1 3 5 7 9 11 13 15 17 19 21 23 25 27 29 
315. Independent Set (15): 1 3 5 7 9 11 13 15 17 19 21 23 25 27 29 
316. Independent Set (15): 1 3 5 7 9 11 13 15 17 19 21 23 25 27 29 
317. Independent Set (15): 1 3 5 7 9 11 13 15 17 19 21 23 25 27 29 
318. Independent Set (15): 1 3 5 7 9 11 13 15 17 19 21 23 25 27 29 
319. Independent Set (15): 1 3 5 7 9 11 13 15 17 19 21 23 25 27 29 
320. Independent Set (15): 1 3 5 7 9 11 13 15 17 19 21 23 25 27 29 
321. Independent Set (15): 1 3 5 7 9 11 13 15 17 19 21 23 25 27 29 
322. Independent Set (15): 1 3 5 7 9 11 13 15 17 19 21 23 25 27 29 
323. Independent Set (15): 1 3 5 7 9 11 13 15 17 19 21 23 25 27 29 
324. Independent Set (15): 1 3 5 7 9 11 13 15 17 19 21 23 25 27 29 
325. Independent Set (15): 1 3 5 7 9 11 13 15 17 19 21 23 25 27 29 
326. Independent Set (15): 1 3 5 7 9 11 13 15 17 19 21 23 25 27 29 
327. Independent Set (15): 1 3 5 7 9 11 13 15 17 19 21 23 25 27 29 
328. Independent Set (15): 1 3 5 7 9 11 13 15 17 19 21 23 25 27 29 
329. Independent Set (15): 1 3 5 7 9 11 13 15 17 19 21 23 25 27 29 
330. Independent Set (15): 1 3 5 7 9 11 13 15 17 19 21 23 25 27 29 
331. Independent Set (15): 2 4 6 8 10 12 14 16 18 20 22 24 26 28 30 
332. Independent Set (15): 1 3 5 7 9 11 13 15 17 19 21 23 25 27 29 
333. Independent Set (15): 2 4 6 8 10 12 14 16 18 20 22 24 26 28 30 
334. Independent Set (15): 1 3 5 7 9 11 13 15 17 19 21 23 25 27 29 
335. Independent Set (15): 2 4 6 8 10 12 14 16 18 20 22 24 26 28 30 
336. Independent Set (15): 1 3 5 7 9 11 13 15 17 19 21 23 25 27 29 
337. Independent Set (15): 2 4 6 8 10 12 14 16 18 20 22 24 26 28 30 
338. Independent Set (15): 1 3 5 7 9 11 13 15 17 19 21 23 25 27 29 
339. Independent Set (15): 2 4 6 8 10 12 14 16 18 20 22 24 26 28 30 
340. Independent Set (15): 1 3 5 7 9 11 13 15 17 19 21 23 25 27 29 
341. Independent Set (15): 2 4 6 8 10 12 14 16 18 20 22 24 26 28 30 
342. Independent Set (15): 1 3 5 7 9 11 13 15 17 19 21 23 25 27 29 
343. Independent Set (15): 2 4 6 8 10 12 14 16 18 20 22 24 26 28 30 
344. Independent Set (15): 1 3 5 7 9 11 13 15 17 19 21 23 25 27 29 
345. Independent Set (15): 2 4 6 8 10 12 14 16 18 20 22 24 26 28 30 
346. Independent Set (15): 1 3 5 7 9 11 13 15 17 19 21 23 25 27 29 
347. Independent Set (15): 1 3 5 7 9 11 13 15 17 19 21 23 25 27 29 
348. Independent Set (15): 1 3 5 7 9 11 13 15 17 19 21 23 25 27 29 
349. Independent Set (15): 1 3 5 7 9 11 13 15 17 19 21 23 25 27 29 
350. Independent Set (15): 1 3 5 7 9 11 13 15 17 19 21 23 25 27 29 
351. Independent Set (15): 1 3 5 7 9 11 13 15 17 19 21 23 25 27 29 
352. Independent Set (15): 1 3 5 7 9 11 13 15 17 19 21 23 25 27 29 
353. Independent Set (15): 1 3 5 7 9 11 13 15 17 19 21 23 25 27 29 
354. Independent Set (15): 1 3 5 7 9 11 13 15 17 19 21 23 25 27 29 
355. Independent Set (15): 1 3 5 7 9 11 13 15 17 19 21 23 25 27 29 
356. Independent Set (15): 1 3 5 7 9 11 13 15 17 19 21 23 25 27 29 
357. Independent Set (15): 1 3 5 7 9 11 13 15 17 19 21 23 25 27 29 
358. Independent Set (15): 1 3 5 7 9 11 13 15 17 19 21 23 25 27 29 
359. Independent Set (15): 1 3 5 7 9 11 13 15 17 19 21 23 25 27 29 
360. Independent Set (15): 1 3 5 7 9 11 13 15 17 19 21 23 25 27 29 
361. Independent Set (15): 1 3 5 7 9 11 13 15 17 19 21 23 25 27 29 
362. Independent Set (15): 2 4 6 8 10 12 14 16 18 20 22 24 26 28 30 
363. Independent Set (15): 1 3 5 7 9 11 13 15 17 19 21 23 25 27 29 
364. Independent Set (15): 2 4 6 8 10 12 14 16 18 20 22 24 26 28 30 
365. Independent Set (15): 1 3 5 7 9 11 13 15 17 19 21 23 25 27 29 
366. Independent Set (15): 2 4 6 8 10 12 14 16 18 20 22 24 26 28 30 
367. Independent Set (15): 1 3 5 7 9 11 13 15 17 19 21 23 25 27 29 
368. Independent Set (15): 2 4 6 8 10 12 14 16 18 20 22 24 26 28 30 
369. Independent Set (15): 1 3 5 7 9 11 13 15 17 19 21 23 25 27 29 
370. Independent Set (15): 2 4 6 8 10 12 14 16 18 20 22 24 26 28 30 
371. Independent Set (15): 1 3 5 7 9 11 13 15 17 19 21 23 25 27 29 
372. Independent Set (15): 2 4 6 8 10 12 14 16 18 20 22 24 26 28 30 
373. Independent Set (15): 1 3 5 7 9 11 13 15 17 19 21 23 25 27 29 
374. Independent Set (15): 2 4 6 8 10 12 14 16 18 20 22 24 26 28 30 
375. Independent Set (15): 1 3 5 7 9 11 13 15 17 19 21 23 25 27 29 
376. Independent Set (15): 1 3 5 7 9 11 13 15 17 19 21 23 25 27 29 
377. Independent Set (15): 1 3 5 7 9 11 13 15 17 19 21 23 25 27 29 
378. Independent Set (15): 1 3 5 7 9 11 13 15 17 19 21 23 25 27 29 
379. Independent Set (15): 1 3 5 7 9 11 13 15 17 19 21 23 25 27 29 
380. Independent Set (15): 1 3 5 7 9 11 13 15 17 19 21 23 25 27 29 
381. Independent Set (15): 1 3 5 7 9 11 13 15 17 19 21 23 25 27 29 
382. Independent Set (15): 1 3 5 7 9 11 13 15 17 19 21 23 25 27 29 
383. Independent Set (15): 1 3 5 7 9 11 13 15 17 19 21 23 25 27 29 
384. Independent Set (15): 1 3 5 7 9 11 13 15 17 19 21 23 25 27 29 
385. Independent Set (15): 1 3 5 7 9 11 13 15 17 19 21 23 25 27 29 
386. Independent Set (15): 1 3 5 7 9 11 13 15 17 19 21 23 25 27 29 
387. Independent Set (15): 1 3 5 7 9 11 13 15 17 19 21 23 25 27 29 
388. Independent Set (15): 1 3 5 7 9 11 13 15 17 19 21 23 25 27 29 
389. Independent Set (15): 2 4 6 8 10 12 14 16 18 20 22 24 26 28 30 
390. Independent Set (15): 1 3 5 7 9 11 13 15 17 19 21 23 25 27 29 
391. Independent Set (15): 2 4 6 8 10 12 14 16 18 20 22 24 26 28 30 
392. Independent Set (15): 1 3 5 7 9 11 13 15 17 19 21 23 25 27 29 
393. Independent Set (15): 2 4 6 8 10 12 14 16 18 20 22 24 26 28 30 
394. Independent Set (15): 1 3 5 7 9 11 13 15 17 19 21 23 25 27 29 
395. Independent Set (15): 2 4 6 8 10 12 14 16 18 20 22 24 26 28 30 
396. Independent Set (15): 1 3 5 7 9 11 13 15 17 19 21 23 25 27 29 
397. Independent Set (15): 2 4 6 8 10 12 14 16 18 20 22 24 26 28 30 
398. Independent Set (15): 1 3 5 7 9 11 13 15 17 19 21 23 25 27 29 
399. Independent Set (15): 2 4 6 8 10 12 14 16 18 20 22 24 26 28 30 
400. Independent Set (15): 1 3 5 7 9 11 13 15 17 19 21 23 25 27 29 
401. Independent Set (15): 1 3 5 7 9 11 13 15 17 19 21 23 25 27 29 
402. Independent Set (15): 1 3 5 7 9 11 13 15 17 19 21 23 25 27 29 
403. Independent Set (15): 1 3 5 7 9 11 13 15 17 19 21 23 25 27 29 
404. Independent Set (15): 1 3 5 7 9 11 13 15 17 19 21 23 25 27 29 
405. Independent Set (15): 1 3 5 7 9 11 13 15 17 19 21 23 25 27 29 
406. Independent Set (15): 1 3 5 7 9 11 13 15 17 19 21 23 25 27 29 
407. Independent Set (15): 1 3 5 7 9 11 13 15 17 19 21 23 25 27 29 
408. Independent Set (15): 1 3 5 7 9 11 13 15 17 19 21 23 25 27 29 
409. Independent Set (15): 1 3 5 7 9 11 13 15 17 19 21 23 25 27 29 
410. Independent Set (15): 1 3 5 7 9 11 13 15 17 19 21 23 25 27 29 
411. Independent Set (15): 1 3 5 7 9 11 13 15 17 19 21 23 25 27 29 
412. Independent Set (15): 2 4 6 8 10 12 14 16 18 20 22 24 26 28 30 
413. Independent Set (15): 1 3 5 7 9 11 13 15 17 19 21 23 25 27 29 
414. Independent Set (15): 2 4 6 8 10 12 14 16 18 20 22 24 26 28 30 
415. Independent Set (15): 1 3 5 7 9 11 13 15 17 19 21 23 25 27 29 
416. Independent Set (15): 2 4 6 8 10 12 14 16 18 20 22 24 26 28 30 
417. Independent Set (15): 1 3 5 7 9 11 13 15 17 19 21 23 25 27 29 
418. Independent Set (15): 2 4 6 8 10 12 14 16 18 20 22 24 26 28 30 
419. Independent Set (15): 1 3 5 7 9 11 13 15 17 19 21 23 25 27 29 
420. Independent Set (15): 2 4 6 8 10 12 14 16 18 20 22 24 26 28 30 
421. Independent Set (15): 1 3 5 7 9 11 13 15 17 19 21 23 25 27 29 
422. Independent Set (15): 1 3 5 7 9 11 13 15 17 19 21 23 25 27 29 
423. Independent Set (15): 1 3 5 7 9 11 13 15 17 19 21 23 25 27 29 
424. Independent Set (15): 1 3 5 7 9 11 13 15 17 19 21 23 25 27 29 
425. Independent Set (15): 1 3 5 7 9 11 13 15 17 19 21 23 25 27 29 
426. Independent Set (15): 1 3 5 7 9 11 13 15 17 19 21 23 25 27 29 
427. Independent Set (15): 1 3 5 7 9 11 13 15 17 19 21 23 25 27 29 
428. Independent Set (15): 1 3 5 7 9 11 13 15 17 19 21 23 25 27 29 
429. Independent Set (15): 1 3 5 7 9 11 13 15 17 19 21 23 25 27 29 
430. Independent Set (15): 1 3 5 7 9 11 13 15 17 19 21 23 25 27 29 
431. Independent Set (15): 2 4 6 8 10 12 14 16 18 20 22 24 26 28 30 
432. Independent Set (15): 1 3 5 7 9 11 13 15 17 19 21 23 25 27 29 
433. Independent Set (15): 2 4 6 8 10 12 14 16 18 20 22 24 26 28 30 
434. Independent Set (15): 1 3 5 7 9 11 13 15 17 19 21 23 25 27 29 
435. Independent Set (15): 2 4 6 8 10 12 14 16 18 20 22 24 26 28 30 
436. Independent Set (15): 1 3 5 7 9 11 13 15 17 19 21 23 25 27 29 
437. Independent Set (15): 2 4 6 8 10 12 14 16 18 20 22 24 26 28 30 
438. Independent Set (15): 1 3 5 7 9 11 13 15 17 19 21 23 25 27 29 
439. Independent Set (15): 1 3 5 7 9 11 13 15 17 19 21 23 25 27 29 
440. Independent Set (15): 1 3 5 7 9 11 13 15 17 19 21 23 25 27 29 
441. Independent Set (15): 1 3 5 7 9 11 13 15 17 19 21 23 25 27 29 
442. Independent Set (15): 1 3 5 7 9 11 13 15 17 19 21 23 25 27 29 
443. Independent Set (15): 1 3 5 7 9 11 13 15 17 19 21 23 25 27 29 
444. Independent Set (15): 1 3 5 7 9 11 13 15 17 19 21 23 25 27 29 
445. Independent Set (15): 1 3 5 7 9 11 13 15 17 19 21 23 25 27 29 
446. Independent Set (15): 2 4 6 8 10 12 14 16 18 20 22 24 26 28 30 
447. Independent Set (15): 1 3 5 7 9 11 13 15 17 19 21 23 25 27 29 
448. Independent Set (15): 2 4 6 8 10 12 14 16 18 20 22 24 26 28 30 
449. Independent Set (15): 1 3 5 7 9 11 13 15 17 19 21 23 25 27 29 
450. Independent Set (15): 2 4 6 8 10 12 14 16 18 20 22 24 26 28 30 
451. Independent Set (15): 1 3 5 7 9 11 13 15 17 19 21 23 25 27 29 
452. Independent Set (15): 1 3 5 7 9 11 13 15 17 19 21 23 25 27 29 
453. Independent Set (15): 1 3 5 7 9 11 13 15 17 19 21 23 25 27 29 
454. Independent Set (15): 1 3 5 7 9 11 13 15 17 19 21 23 25 27 29 
455. Independent Set (15): 1 3 5 7 9 11 13 15 17 19 21 23 25 27 29 
456. Independent Set (15): 1 3 5 7 9 11 13 15 17 19 21 23 25 27 29 
457. Independent Set (15): 2 4 6 8 10 12 14 16 18 20 22 24 26 28 30 
458. Independent Set (15): 1 3 5 7 9 11 13 15 17 19 21 23 25 27 29 
459. Independent Set (15): 2 4 6 8 10 12 14 16 18 20 22 24 26 28 30 
460. Independent Set (15): 1 3 5 7 9 11 13 15 17 19 21 23 25 27 29 
461. Independent Set (15): 1 3 5 7 9 11 13 15 17 19 21 23 25 27 29 
462. Independent Set (15): 1 3 5 7 9 11 13 15 17 19 21 23 25 27 29 
463. Independent Set (15): 1 3 5 7 9 11 13 15 17 19 21 23 25 27 29 
464. Independent Set (15): 2 4 6 8 10 12 14 16 18 20 22 24 26 28 30 
465. Independent Set (15): 1 3 5 7 9 11 13 15 17 19 21 23 25 27 29 
